0010010110111110010110100111110110100100
1111000101010111000000001110101010001111
1000011011111100100110010011111101100001
1000100100100110100110010110010010010001
1011010011001010000000000101001100101101
0001110010101111111001111111010100111000
0010110111101101100110011011011110110100
1101001101010000010110100000101011001011
1101010111101000101001010001011110101011
1011000000011110000110000111100000001101
1111101001000000110000110000001001011111
1000011011110010010000100100111101100001
1011100001010101101111011010101000011101
1010011101000011110000111100001011100101
1000111110100101110000111010010111110001
1111000100000010111001110100000010001111
0001110110000000011001100000000110111000
0000011000011101110110111011100001100000
1001011101011111100110011111101011101001
1111110010111001100110011001110100111111
1011111010011001101001011001100101111101
0001111111100111100110011110011111111000
1110011011011100001001000011101101100111
1111101100110000100000010000110011011111
1111101001111110001111000111111001011111
0100001101101010000110000101011011000010
0000010000100111111111111110010000100000
0001011100001011001111001101000011101000
1100001001001100111111110011001001000011
0100101001101000110110110001011001010010
0011001101101101011111101011011011001100
1111010000110111111111111110110000101111
1111011000100001110000111000010001101111
1001011000101001000000001001010001101001
1111101100000000111001110000000011011111
1001010110100111111001111110010110101001
1100101000111011010110101101110001010011
1100011111010010101111010100101111100011
0101100010101111000110001111010100011010
0010010111000101011001101010001110100100
0000000100111000101111010001110010000000
0011100101011101100000011011101010011100
1111101110000111001001001110000111011111
0010110101110011000000001100111010110100
1111101101001101101111011011001011011111
0010011110110000001111000000110111100100
1100101100100001001111001000010011010011
1011001100011110111001110111100011001101
0111011101010010111111110100101011101110
0010001110011001111001111001100111000100
0111010011111011101111011101111100101110
0111101010110101101111011010110101011110
0110110010101110011111100111010100110110
1001110110100111101111011110010110111001
0110011001111001100000011001111001100110
0001111110001000110000110001000111111000
0010110100010100101111010010100010110100
0100101010101111001111001111010101010010
0101011001001101101001011011001001101010
0010010010010010001001000100100100100100
1010111110111010001001000101110111110101
0100000100010011000110001100100010000010
0100011110011000100000010001100111100010
0000110001011001100000011001101000110000
0010110100111111001111001111110010110100
1111110010010001001001001000100100111111
0010001010011101000110001011100101000100
0111000011110111000110001110111100001110
0100100010110010110000110100110100010010
1100000110010101111111111010100110000011
0000101000011111100000011111100001010000
0000011110010011010000101100100111100000
1001000101101011000000001101011010001001
1110100110010011011001101100100110010111
0000001010010001100110011000100101000000
1100000110001100001001000011000110000011
0011010000000001111001111000000000101100
0011101001011100111111110011101001011100
1011011111010111111001111110101111101101
1100000111101011110000111101011110000011
0010000111011110101001010111101110000100
1110110010010011100110011100100100110111
0100011000111101010110101011110001100010
0101001110000110000110000110000111001010
0000010110101101000000001011010110100000
1000111100000101101001011010000011110001
0000011110110000101111010000110111100000
0111110001111110000110000111111000111110
0110010101101101101001011011011010100110
0111000001011101110110111011101000001110
0011010110000001111111111000000110101100
0000001001001110110000110111001001000000
0101100010100000010000100000010100011010
0000101010100110111001110110010101010000
1110001010101000100000010001010101000111
1111011001011100111111110011101001101111
0111101110100101010110101010010111011110
1111101101000101010000101010001011011111
1011111110110111000110001110110111111101
0111011100111110000110000111110011101110
0101100011110001110000111000111100011010
1100101010111011100000011101110101010011
0011010010110001001001001000110100101100
0111011001111101111001111011111001101110
0111101111111101111001111011111111011110
1111110111000011100110011100001110111111
0011010011000111010110101110001100101100
0101011000111010101111010101110001101010
1001111010000010000000000100000101111001
1110000010011000000000000001100100000111
0010001101101010100110010101011011000100
1011000010100101001001001010010100001101
0000010010110010101111010100110100100000
0100011110101111111111111111010111100010
1100000101011011010000101101101010000011
0110000010011101000110001011100100000110
1101110110110111010110101110110110111011
0010100110010110001111000110100110010100
0001100111110111110000111110111110011000
0010110001110000000110000000111000110100
0101011011110001000110001000111101101010
0000001010011011011001101101100101000000
0101011110011101111001111011100111101010
0110001110000101000110001010000111000110
0101010100100001001111001000010010101010
1111011001010101000000001010101001101111
0110001101010001011001101000101011000110
1000111010001101111001111011000101110001
0011101011011100101001010011101101011100
1010011101000011100000011100001011100101
1010110001100111000110001110011000110101
1011010010001000100000010001000100101101
1000111010010000111111110000100101110001
1011011011011000100110010001101101101101
1001100110110000111001110000110110011001
1001000011100110101111010110011100001001
1110110101101111001111001111011010110111
0100011100011001001001001001100011100010
1100111100000000111001110000000011110011
0110101001000010011111100100001001010110
1010011100011101011001101011100011100101
1100011111000111001111001110001111100011
0101100001111101001001001011111000011010
0110011000001111000000001111000001100110
1000001000000001110110111000000001000001
1110010101011111000110001111101010100111
0101111010000001110000111000000101111010
0110111011111110100000010111111101110110
1000010011000011001001001100001100100001
1111000000111110010110100111110000001111
1100110011010011010000101100101100110011
0111001001101010011111100101011001001110
0011010100101110010110100111010010101100
1011011101110001110110111000111011101101
1111000000011010011001100101100000001111
0000101110001000011111100001000111010000
1000101111000000000110000000001111010001
1111001001010101100110011010101001001111
1000110100011011011111101101100010110001
0000011011011011010110101101101101100000
1011111101110111101001011110111011111101
0010011111000010001001000100001111100100
1101001100001100101111010011000011001011
0111000010000010111111110100000100001110
1101110011110011101111011100111100111011
0100110000100101111001111010010000110010
0101011111001101110110111011001111101010
1001100010011100101001010011100100011001
1100001011000010110110110100001101000011
1010100000010111001001001110100000010101
0100110101101010111111110101011010110010
0001111010100000000110000000010101111000
0011000101110111000000001110111010001100
1110111100110111011001101110110011110111
0001100111100011111001111100011110011000
0010110111101011111001111101011110110100
1011111001000000001001000000001001111101
1010110010100000000000000000010100110101
0010000011111100111001110011111100000100
0001010110010101011111101010100110101000
0100011101100000101111010000011011100010
1110011111010000111001110000101111100111
1001010101110001110000111000111010101001
1110100000110100010110100010110000010111
1011011101111000001111000001111011101101
0010011111010000010000100000101111100100
0000110101101101000110001011011010110000
0010101011111010010110100101111101010100
1011101110110111000110001110110111011101
1110100101001100111111110011001010010111
0011001110110000111001110000110111001100
1101000111001101011001101011001110001011
0111110101110000010000100000111010111110
0100101100111101110110111011110011010010
0101010101000101111111111010001010101010
1110101001010011111001111100101001010111
1111000001111001110110111001111000001111
1100110001001011000110001101001000110011
0000010111100011100110011100011110100000
0011011000001110011111100111000001101100
1010101001000111100000011110001001010101
0000110001000111011001101110001000110000
1000101100001110100110010111000011010001
1000101001100100011001100010011001010001
0110010101011110011001100111101010100110
1010101011100001111111111000011101010101
0110010111101101110000111011011110100110
0010101001110100111001110010111001010100
1000111110001110111001110111000111110001
0101000001011100100000010011101000001010
0001110100011010111111110101100010111000
1001101011010011001111001100101101011001
1010110100000101111111111010000010110101
1001011101110110001001000110111011101001
1000001011110010100110010100111101000001
0100011111100100011001100010011111100010
0110000111001101100000011011001110000110
1010011011000101000000001010001101100101
1110101111110101111111111010111111010111
1011111000011110010110100111100001111101
1100010111100001001111001000011110100011
0101010101111110010000100111111010101010
1101111001011010101111010101101001111011
1011011100101000110110110001010011101101
1010010001111100001001000011111000100101
0101110000000010100000010100000000111010
0111001010101011000000001101010101001110
1011111010110111101111011110110101111101
0101101110110101110110111010110111011010
1110111011110111100000011110111101110111
0110100011101010010000100101011100010110
0111011100111100110110110011110011101110
0011011110010010100000010100100111101100
1011111010010111011001101110100101111101
0000110000110101110000111010110000110000
0101101111010000100110010000101111011010
1011101101010011101001011100101011011101
0000010011110111111001111110111100100000
0010010100000100010000100010000010100100
0001101010011100101001010011100101011000
1000110011001001110110111001001100110001
0111010010001111011111101111000100101110
1111101100010010011111100100100011011111
0011100000011101000000001011100000011100
0110111111100001010000101000011111110110
1010101001001110110000110111001001010101
0001111011100000011001100000011101111000
0101000100101111100110011111010010001010
0010011101110010111111110100111011100100
1011000011101100000110000011011100001101
0100001010110111010000101110110101000010
0101101110010000010110100000100111011010
1010100100110110011111100110110010010101
0100000000000011101111011100000000000010
0101001010001011110000111101000101001010
0100100101011110101111010111101010010010
1101001011101101010110101011011101001011
1111100010100100001111000010010100011111
0001101001011010010000100101101001011000
1111000101001000011001100001001010001111
0000010110000000100110010000000110100000
1001000100010010100000010100100010001001
0010111111111010011001100101111111110100
0001010001000010010000100100001000101000
0111111001110000001001000000111001111110
1110000101000111001111001110001010000111
0010100011000110011111100110001100010100
1100110100011010011111100101100010110011
0111111001000110101111010110001001111110
1110110000100001001111001000010000110111
0111111010111101001111001011110101111110
1010000111001000111001110001001110000101
1010010100000101011001101010000010100101
0000011101111101011111101011111011100000
1100001111101110001001000111011111000011
1000000000110001101001011000110000000001
0010100110010011011111101100100110010100
0100010011110101000110001010111100100010
0100100100100111111111111110010010010010
0110000010100101101111011010010100000110
1011101100111110000110000111110011011101
0101000011101111111111111111011100001010
1000010111011101110110111011101110100001
0100001000000011000000001100000001000010
1011101000111010110000110101110001011101
1011010110101111111001111111010110101101
1110011100100000100000010000010011100111
1110101111101101011111101011011111010111
0111001110100110100000010110010111001110
1110110001101000001001000001011000110111
0011000010010011100110011100100100001100
1011100010010101010000101010100100011101
0011000101100111100000011110011010001100
1000010111010000010110100000101110100001
0100010011111110111001110111111100100010
1000010000001100100000010011000000100001
1001010110011110011111100111100110101001
1011000111010010100000010100101110001101
0110010010100011110000111100010100100110
0010111010111000011111100001110101110100
0001001011001010101111010101001101001000
0001000110100011011001101100010110001000
1100001001110010101111010100111001000011
0111001011110010101001010100111101001110
1001110111111011001001001101111110111001
1100111011111011010000101101111101110011
1000110000111000010110100001110000110001
1000101100100100010110100010010011010001
0001011010110000010110100000110101101000
0011011110011110101111010111100111101100
0011011100000000001111000000000011101100
1011010000110101100000011010110000101101
1000000011001010010110100101001100000001
0110010001011100110110110011101000100110
1111110010101101011001101011010100111111
0111010001110100111001110010111000101110
1011100000011011111111111101100000011101
1100010011011000010110100001101100100011
1010110000010110111111110110100000110101
1101011011110010000000000100111101101011
0011110101111111100110011111111010111100
1000001010101000111001110001010101000001
0000000010101011101111011101010100000000
0000110010100101001111001010010100110000
1100110110011001101111011001100110110011
0110100000101100110110110011010000010110
1100011110110101000110001010110111100011
0101111101101001101111011001011011111010
0001100001100110110000110110011000011000
1110110101001101001111001011001010110111
1100101111111000011001100001111111010011
0111000101011110000110000111101010001110
0010101011110100100110010010111101010100
0100100001110000010000100000111000010010
1011101010010010001111000100100101011101
1110100000000011110110111100000000010111
0000101000101101011111101011010001010000
0101111010010110010110100110100101111010
1000001010110011111001111100110101000001
1001110100111110100000010111110010111001
0100111011100101101111011010011101110010
1110001010011101101001011011100101000111
1000000100101101110110111011010010000001
0011000000010110100000010110100000001100
0001011100110001100000011000110011101000
1100011011110100010110100010111101100011
0101111000100001111001111000010001111010
0101110101010100010000100010101010111010
0000001001001100100110010011001001000000
0101110000011110000110000111100000111010
1011000000110000100000010000110000001101
0000001011000110010000100110001101000000
1001000011001110001001000111001100001001
1011110000010101100110011010100000111101
1100000110001101001001001011000110000011
1100101000101011110110111101010001010011
1001010100100001001111001000010010101001
0100000111111011011111101101111110000010
1111001100110111011111101110110011001111
1110001010010000011111100000100101000111
0010111100110100101111010010110011110100
1100010110000001011111101000000110100011
1111110100000001111111111000000010111111
0100000000001111010000101111000000000010
1011001010000010001001000100000101001101
1110101001100111001111001110011001010111
1001110011111001010000101001111100111001
1100110100000111011111101110000010110011
0100000100001101011111101011000010000010
1011000100000101111111111010000010001101
1000000110110111010000101110110110000001
1000011100111100011111100011110011100001
1111111011111011011111101101111101111111
0100000101111101100000011011111010000010
1011101010000010010000100100000101011101
0100011000110011001001001100110001100010
1101111000010101101001011010100001111011
1011001010000110100000010110000101001101
1011101001001000010110100001001001011101
1100101001111100101001010011111001010011
1010001110010110001001000110100111000101
1000000011010011010000101100101100000001
1000001111100011101001011100011111000001
0011101100010100100110010010100011011100
0010011011000001000110001000001101100100
0101111111101010000000000101011111111010
0100110001110111011001101110111000110010
1010011101001101010000101011001011100101
1011011111011111101111011111101111101101
0101100010110011111001111100110100011010
0011100110001100100110010011000110011100
1111000000011001001001001001100000001111
0110100011011111010110101111101100010110
0001000010101101101111011011010100001000
0011000101100001000000001000011010001100
1101100000011101001111001011100000011011
0010010011111111101111011111111100100100
0010100010010000001111000000100100010100
0100110100111000010000100001110010110010
0100000011101010000110000101011100000010
0110100011111100101001010011111100010110
0011101011111000010110100001111101011100
1100111100001100001111000011000011110011
0100011110111010010000100101110111100010
0101110100010110111001110110100010111010
1100111100101111000000001111010011110011
0000000011011010010110100101101100000000
1110001000011001011001101001100001000111
1101001000101101010110101011010001001011
1000010101000011111111111100001010100001
0001001001111000000000000001111001001000
1011010000101010001001000101010000101101
0010001001000110110000110110001001000100
1000001111010011100000011100101111000001
1110110011110001001001001000111100110111
0110111101110111100000011110111011110110
0110010000011111110110111111100000100110
0101100101000110110000110110001010011010
1101010101011100101111010011101010101011
0011001001110010111001110100111001001100
1000011011000010100110010100001101100001
0111100111000100010110100010001110011110
0100101110011110101111010111100111010010
1101101111100001111111111000011111011011
1000111100110010010000100100110011110001
0010000100110101100110011010110010000100
0010000011011001001001001001101100000100
0110001011011111111001111111101101000110
1101110110011100111111110011100110111011
1100110000010111010110101110100000110011
1001110100111001010000101001110010111001
1000011011110010101111010100111101100001
0001101000011100001111000011100001011000
1110010101010101100110011010101010100111
1111111011000100111111110010001101111111
1101101100110000101111010000110011011011
1100110001001110110000110111001000110011
0010001111111000011111100001111111000100
1000011100100111000110001110010011100001
0011000111111111000000001111111110001100
0011111000010011001001001100100001111100
0011001110011111111111111111100111001100
1010010101110100010000100010111010100101
0000111110111001001001001001110111110000
1111011100101111100110011111010011101111
1000000001000111111001111110001000000001
0101110101111101011111101011111010111010
0001011010000100001111000010000101101000
1011100000010011001111001100100000011101
1010011010001000001111000001000101100101
0111000001001001101111011001001000001110
0001111101011111010000101111101011111000
0100110001100000101111010000011000110010
1011001001010010111111110100101001001101
1111111001010100101001010010101001111111
0011011000110010111111110100110001101100
0110110001110100000110000010111000110110
0010111100011000110110110001100011110100
0000001010101011101111011101010101000000
0100011110111101101001011011110111100010
0001010110011101111111111011100110101000
1011001011010110101111010110101101001101
0010010000000000011111100000000000100100
0100011001100100101001010010011001100010
1001100000110100111111110010110000011001
0101001001001100111111110011001001001010
1110001010000101110110111010000101000111
1011011010011111101001011111100101101101
1001001010010110000110000110100101001001
1110111111111010100000010101111111110111
1011101101101011011001101101011011011101
0111101110101110101001010111010111011110
1010111000110111010000101110110001110101
1101011011100101010000101010011101101011
0010010001010101010000101010101000100100
1110001011001111111001111111001101000111
0000111110011000111001110001100111110000
0100011111011101000000001011101111100010
0001011111000011110000111100001111101000
1000110001100001011001101000011000110001
1100001001111001001001001001111001000011
0110110000010000011111100000100000110110
1101110100111100011111100011110010111011
1100111011100001101111011000011101110011
1101001101001001010110101001001011001011
1001011010111100111111110011110101101001
1011011100011010100000010101100011101101
1000111000011010100110010101100001110001
0101010011111110111111110111111100101010
0111101110101111110000111111010111011110
1010011110100010111001110100010111100101
0101111001100110101111010110011001111010
0100010100101101011111101011010010100010
0110111000000100001001000010000001110110
0110011110000100100000010010000111100110
0010001000100101011111101010010001000100
0110100001100000010110100000011000010110
1001101011001010101001010101001101011001
0101110101101011001001001101011010111010
1110110000000000000110000000000000110111
