1101001101001111010110001001010010100000
1001100111111000110101001000101010001110
1010001000011101101110110000101110010010
1010011111110110111001010000000010011000
1001110101010010010000000111011001010001
0011111000010101101001010110101011010100
0101011011110000101110101110011011110001
1110101111001001010010011000101111110010
0010000101111100010001100001110101110011
1111010000000101111001011111111100010011
0001010101000111100100001110101111001010
0100100110110001100110100100011101101110
1100001011101110111111110010001010001101
0001001001010000101110011111111100000000
0111101101101011010110101100010111111111
0011001111000111000110010011100101001010
0011001100100110101111100110001011001000
1110010100010000101111111010010110110110
0101000101110111000111001111100001001011
0000010101101000010000100101011101001001
1011010110000010101101011000111110110000
1001010111111111101100011001101111101000
1110100001000000111110110010001000000101
0011111101100101101010101110011011100100
1110111011001110111001100101110111000010
1101011011011101010001001010011111100011
0001110000110010000100010100000000000101
0111111000001000101100000010001011011011
0001100100111110100000101101010011010100
0010011001001101100001100001010001100110
1010011001101110101010001011000011111100
1001000111101010100111000110101100011001
1110111011011101101111000110010001010110
0001110010111001110110110110101101011010
0100010111100000000110101011010101100111
1011011110101001100001000000011001001111
1001100011111100111110011100111100001011
0100001011010001100000010111010000111000
0101101011100101100011001110101010101000
1010101011001111011001000001111110110110
0101111111110110000010110111000111001111
1011010111111001110010110111000111000010
1000011110101111110111111101110111111111
0100001100111101110010011111010010111101
0001111000100001001000001001011100101011
1001000111101111000100101010111010011000
1100010001110111110001111000000111001110
0001000010101000101111110001100101110100
1110101100011100110001101101011011100010
0001010000110000000111010001010001111110
0011101011111001000010010101111100010011
1101100110100111111100000000010100011110
1111111011101010111101101010011111010110
1111101110111110110111100110111001111100
0111101011011011001111001111101000111010
0111111111000110101100010110011110100000
0010000011011000100011000101110100010100
1001111010001001000110010000100011111001
0001111001000010011011011100000001001000
1110111000011001000111100100110110100101
1011100110010110011110100101000011011001
0000001101010010110011101001011010001110
0010110000111100011010011110100010001111
0011000001100111101001110110010011101000
0101110110110010101001100011110001101110
0000101100000011001100000110010100000000
0101111110000011000010110001100010000100
1100110111000111000000001101110010000000
0110111010111000001111011111111110110000
1011110110001100100000110000100101100111
1111101001011100100101000001100001101011
1100011010111000100101100100010010111101
0001101000011000110010000100001001000011
1100000010001001111011111000000001001100
1000111101000010101000100011000101010101
0100110011100010010010110000111001100101
1110110101111110010011001100100010000110
1011010111001100000010000001111010011100
1000111001110111011110001110110100011010
0110101010111000100011110100001110001000
0011000001100010001001010001011111110100
0111111100001111110111110001111110111000
0110101010100111111001001100011000111011
0101010001011101000101010001010110110100
0100010110111000000001110101011101010011
0001000100010000011010011010010001101011
0101001111010000001001011001100000111111
1011000110011000100001011101011000100010
1101110101100100100000110111111100100001
0011001000010001011000101010111010010000
1101101001111111101001010011010011101011
0010001010001111010010110101000110101111
0000101000111010111010000101001010000000
1011111111110101111001010001001011011101
1110101011010011000111010011111010111101
1111101100111100100111110111010110001000
0100001010111100011100101100011010100010
1111011101001011101101001111011001000011
0111110111100111001110000100110101110101
1000011111100111010110010110000101101111
0011110010010001100110000011110000001111
0010010000011111100000000010001001010111
1000011110000111101100101110011000111101
0011111010011001011010110000000000001001
0011010101011101011111011111110011110110
0110000111000100110000100010111011100010
0111000111101110011101011101111101101011
0000001100111101001111001110011111110100
0110011100000110001000001001101100100110
0111011000010111111000100100001110001001
1110010011010011100101010110000100000001
1011011010010110010111001001110000110011
0101000101000110010110001111000101111000
0101000100010000100110011000100101001001
1011100010000010110010010001001101010110
0010000001000001100010100001001011000010
1100010010011100001001011100001000100101
1100101011011000011000011110011111011110
0111011100111111100100000011001110100111
1111001101001000100100101110111100001000
0000010001101110100000010010011001101000
1011011001011000100000001111011111011100
0000100001100100000010000010100001100001
1001011100000101111101000001100000101110
0111110100101010110011110010111110010011
1000101101111010110100101110001111100101
0101100000100110001000000111101111010101
1100110111011101100100111010110000110101
1001010101110011011100001110011000100001
0010111110010000010110100001101100001011
1010010101111110010101010000000101000010
1100101100110001000101110100100100001000
1111010110101010001111100010000001011011
0011000110000101010100010011001011010011
1011001011011101110011001100000111001001
1010111110111100100011110011000110010110
1110101011001111000011011001001101001110
0101101000101110001011111110010100010001
1000111001011011010000100011100011100110
0111101111111001110101101110011110001101
1000111000111100111110011101110000101110
0000111001001011110011011100111100101000
1110110110101000100001100000010111101000
0111011100011000001100111110001000010100
1011001010011111011010101110011010000011
0010001111101100000101100011111110101011
0110101011011110001001011111110100011000
0101111111010001000010111001101001001100
0001010000101111010000101111111011110001
1111100111110100110110101001100000001101
0001011111011010111110101101011010010111
0000101010001000010010101011011101111111
1001001111110101011001001100010111100010
1111110111011011000011000010001011011101
0010101011101101010010011101100101110011
1111011010010111000100111011110000110011
0111101010101100001000101101011010001100
1001000110111110001100001001001101010111
0000100110000010001001011110011011110011
1111110001010111011111011000001110110111
1011001110100101001000100111000111110110
0110010010010100111100001011010001111111
0101001011001001011100110110011010000001
1001001110100100010000100101010101101000
1010110110011010001101000111100100010101
1000001010001010101100000101010000111010
0101110111001010110001111010010100000101
1111010000101101100001100100000100001111
0000110010100111011110110001011010110100
0011001111111011000111100101011111011011
0000110010000011010100010111110100011100
0101111011011110101100000101101011111111
1110101110000011010101101100010101000010
0001100110010111101110111011110111101110
1011110000011001110000011100011100111110
0010111110010110011100100011101010011100
1110010100011010110010111111110110001000
0101100110000100100001110110101101000110
0010110110110010000100000110101011000111
0101101000111110011100001101111010011010
1111100000110000100001110100001010101110
1010101000100001100101110100000110101001
0110111101100110101011000010000111101011
1111100000111000011101110110001010100110
0111010011101100100100111100010011100100
1000001101100110111111101001001010100100
1000000100110000111010110110101100010010
0011001101000001101100110001000010010101
0011101010001011010010110010000100111001
0101101100110001011001101100001001101101
0010000000101100110010111110011100100010
0010001110110111111001110000101101100111
0000101001110100010110110100000000110000
0100110001011100100110001001000010010100
1011110010001110100001110011110101111100
1001110100100001000010100110010000110110
1101010010001010000100011010100000000110
1001111111001110000011100101001010101010
0111110100010010110110010100011010111101
1100001111100001100111001011110010100110
1100010110001111110100001001010101100011
0011001100001100111011011111111011010100
1100111011110000101011010111110101111100
1100010011011010111110001110100101111011
1111010011010000000101100101100101001001
1011110011111000011001111010110011110111
1010100010101011001011100111100011001011
0111111001100101010011010101110100000010
0111111011000111010110010110000001011010
0001110011001100111001010010101010010100
0110000000101111010000100110111110100100
1111011110111010000101101010100000100001
0010010111011011000101100101001010010001
0011010000011001010101011110111001100110
0000001111010101010010001000110111010110
1001110101010011010110011010011000010100
0101101000111101011111110111100010101001
0111101110110000111001111001010010110110
1010010110011101110110010000110101001110
0111111110010111111011011001010101010010
0110011010001100011000101111000001110001
0001011111100011011101011011000001101000
0100010001101010100011100000100011111111
1100010111100100000101101001110100011001
1100001100011010011001011110010111101001
0011110010110111111011100000111001101100
1010011100110111001000111110100100000000
0001001110111000000001011100101100010100
1110111001111011111010101001111001001111
1011001010000010011111011000010111100101
1100101100111100010111011111011111101010
1111001110100001001111101000011101101100
0111011001101111001110010000111111100110
1010111000001101001010000111110110000011
1110011111111001101011011000011110101110
1101010011011111111110011001000110100110
0010001001001101000110001010010010011111
1111000010100101100101010110110101100011
0011100001001111001011111000010111110001
0101010110111100001101101110010100110001
1010010001000000000001000011110111001101
0001001111011010011111100110101000010110
0101100011111001010111100111110000101000
0010100011110011000111000111010010101101
0110100101011111101001101101010101101100
1010100000101101111110000110110000101000
1011000110110001000110110101111001110110
1010100010100010000111100011100000000101
1100001111101000011001100001100000000100
0111001010011010010111101010010110101000
1001101101010101001011000001000010000010
0001001011101101011001011100001110101010
0111010110101010101010101111110010110110
0011011101111000111101101001100101011111
1011101101010100110000010011100000010001
1000110111011010000010011111011110111100
0011100010110101000111010110011110011101
1101110100010101000100011011110000010111
0001001100001000110001011101001000011111
0110010001111101110000011011010111111100
0011000011110010010011001111100101110011
0010001000100010000100110110011111010101
1110110011010110101010111011100111001101
0110010101110100001101111111111110101111
1101011101111010000101011101001000100001
1011001111000111001010101111101011011101
1111011001101011110010110110110010110011
1100011010111000100001010011011100011001
1011110000101000100100100110100010101101
0000101010011100100010100100010011100001
1010101111111000100000110011100001001101
0001001110110011010100110000101101011101
0000001111001110010011010101011011110100
0000000111111110101101111100001100100010
1100110110010111100000010011001111100110
1011111000111011100101000001100101011110
1000111101100100010110111110100001111101
1001101100001011111111111000110100111110
0110101100001010001110100100110000110111
1111001100001000100001110010001100010011
0110111101110000011000001111111100010001
0111001011110111110011010111101111000010
0001110011001010001001111101111001010011
1001011101100111010111000001000100111001
0101001010011101011011001001001000011010
0101011000101010001101101100101010001000
1110101001011011110111111010110000100100
1101011110110000000000001010111001011011
0001110101100101011101010110010000101110
0001100111001100110101010010010000100000
1111101111101110010001110010111010101101
1100101000100101100111101011011001101011
1010110111000010000001111010001100100010
0010100001011011011000011011101011111010
1101000011011111110110010001010010011000
1011100101111100011010100111001111111010
1001111100010001000010010100100000100010
0000010000100000101010010010001000110101
1100101111010101001011001011110110110011
1110001111100101100100000010011010011010
1000100100011010100110001101101101100110
0001010011111100011101010111101100001011
1011110000101001001100100111000101100011
0011110111101010110101001001010011101011
1111001100010100111000011111000101001100
1001000001110101101110011001111110011101
0011011100101101110011111011110001100101
1001110110000110110110111101011100001000
0101100000101110111001011110011111010101
1111010110001000001001110011001010110110
1001110101001010010101000111110110011010
1100001010000011100110000100001101100101
1010100111000100000010100100101010110101
0011101001011001001000101100110111010010
0001011110110101110101110001000011011101
0111010000101010101110110010000011100011
1110000110111001010010101111010011010110
0010101101110001010011000010011001001000
0111100110111010010001011110100011110110
0000111110011000011111110110011100111100
1111011000001000100100011101011100100011
0110010001010111111110010011001111101110
0101101100110100010010100100111000101100
1010001001001100011111010111100110110110
1100111000010011001000001011001010000111
1010110001101000011100010000010110101100
1101001101110110011000111111110110011110
1101010100001000110100001000000111010010
1101000011111100111100101011010000100100
1110101100001101101100110100101010000101
1111000111011000110100111100011100001110
1110001111000100110100010011011010101001
1000001010110111110011101101011101001101
0110001011010100100100000001110011000010
0000110010110001001011011001000011111001
1111100101000101011011000100001011100010
0000111000101000111000011001000010111001
1100110100000001101000101110110000001111
0111100001000000101100111010101100110110
0011100110000111011010011101001110000010
1001011111001110010101110101000001000001
1010101001000101101000101111010010111000
1001101110001101001000000111111010110111
0011001111011011001110100101111100001100
1000011011111100101111110101100111010010
0011010011011110101010010010010001010111
1111010011111101010000011001001111101011
0000011000100000010000100011101000111001
0100110001110100011001011110010101100110
1011011111000011101101001110110011001110
1001010001111100010001100110001001010000
1001110101101110000111111001010010111101
0111111001001010111000100110100001000010
0010001011100000011111001000000111110000
1111011110110100011110010100101011000000
1110010000110000110000101001010001110001
1001010100000011000110001110000100101101
1000100101011000100000111010001010011001
1100000011111101110101101011011010100101
0000010011011000100101110111000000000011
1110001000010010100010010110010000011010
0100111110001011001011101111010001010110
1001110000010110111101100000111000000011
1111111101110110000010001001110101000110
1000110010110101011000111010111101101010
1101010111111010001011110010011010000100
0001011110110111011010101001101110111010
1010001111011000001101010011101001111111
0011001010100011100011111000111000110101
1010010010001011111111000110001111110100
0111111101110011111011011011011101110001
0011100011000100010011000110010111010111
1101011110000000100011110100011011110100
1110100000110001001110101001011000111100
1000101001111100000100001011011000011011
0010111101000100010001001011111111110100
0101011011111000101100010010001011001111
1101001100100111110100011001000100101111
0111001011011000101000001000010100100100
1000001111110100101100101001000101110111
0100110001011100100101000001000100101000
1001000010001010110101100011101110101000
1001000111100000011001010100100001111110
1100110101100000011100001011011011110010
0001000111000011100010011001111110101111
0001100100011111011111111111001111101001
0101111000010010110110110110111010000000
0100111110100010111101000001001111000001
1001111000000011110010110111010010101000
0000010001110101010100011110011110110111
1100011110100100101111010111010000011110
1100000110010010001011010111101101011010
1001111101111101100001111011001111001001
0001111001101011011111000001001001101000
1110100111000000111100010100100100001000
0111110000001100000011011000101100111001
0010111001101100100111111110101110111011
1011001100101000000011010110101011011110
0010101011001000100111110110110011010110
1010010111110011010110010101000011000101
1010001001111110100010110000000100101111
0010011111101101000001110101101110111101
0111111011010010111010110110011000000010
0010110110101110100000010000001100111001
0000111110111110111001010011010011111111
1110000000011100001100011101111010111101
0100111100011000110111001101100001000110
1100100000100100101101001101011011111111
0110010110001100000110011011101100111100
0111111111011100011001010101110011110101
0010001100100011001000111101001110100000
0000111000110111000001110110011101010000
1000101111101110001110101110001101110011
0000000001000011000000100111101000000101
1110111000000011111000011011011001011011
1011100001010100110011000110110000001001
0100001110110010010001110111000001111011
1100011111010010011000101110111111010110
1001100110111000110000001110111111000001
1011110100011000000001100100011111100010
1001001001010110100010000010110110100011
1110100000001111010111111011101001111111
0100001100000001101000101100001100010010
1001110100000011101011001101111101001010
1011000100111110110100011011001101010101
0010100000100010000010111100111000010111
0001111010000101110100111111010001011101
0101101000101000010010100110100000001000
1110100110110010101010001010111000111101
0100101000010011011001100111000001111010
0110000101010101111001000010111000111101
1100111001011001000010101000011111100010
1000101000000010110101101001101111011001
0111111000001011110010101000010010110111
1010101100001111111011000010101000110001
0011001101101111011001000010000000110000
0010001111110001001010101100100001110011
0101000110100101111000110110111000101001
0011111100101111100101110000001000010100
1010010010111100010111011010000110100000
1101011000110010101101111110000110101011
1000000100010100001011101011010100110001
0001010111110100100101100000000111110000
1101011011000101001111010111100110011011
0000111001011100100011111011010110100011
0110111111111000001111011001000100000000
1000000101100000111000111101110010011110
0000011000001100100110110010100001001000
1100100100011111100000001100111011001110
1011000100011000010001111110101111110110
1001010011100000001000001110111101111110
0111011000101001111110010011000000010000
0010111101111111001111100100100111000100
1011111110100101000011100110100000010110
0100000000000010000010110110100010101000
1101100001010110101101101001001010001101
1000111001010110001101001111110001011111
1100111110110101111111000010000101000010
1110101001100110111101111101101111110001
1111100001100110100101001111000010011011
0000110111111100010110101101100111001010
0011011001101011011100110100111000111110
1110111111001111001101100111000100001111
0011110011101001110011100111101000110110
0001011100101101110000000110100001100111
0000001110101000111010100111111011101101
0011011100101001100011100001100101111100
1011100000110111110010010101010001000000
1100111000001101010000111100001001001111
0000011111010110000000001101010000011111
0111001100110011101100010000001010001100
1100010100011101010101101001001011001011
1000101111001011100101010110100110110100
0111100101000011000110001001001011010010
1110100010111010010101001110100111111000
1100110011100111000001101001000011001101
1001101000000010000111010001101000111101
0111010101010000101100100101001110101001
0001101001101110001110110001111100100010
1110101100000110011001011010101101101011
1110010010000011010100110010100111010111
0000010000110011101110111100011111011111
0000001110101101000011000011010001000000
0101010111100111001010101111110010011010
0010111011010101110110101110000110111100
0111011101000001111010111101111011011111
0110101010111010000011111011010000100100
0111000110010011000000011001110111000011
0100011100111001101101010101000111011010
1101000010101000111111100011001001111010
0011010011010101001100110010010001010110
1001101101010001001100001011110000001111
0110111101110010010000111001101100111110
1000011010101000111011110010011111001111
0000000110011001110111001110010101110001
1010011000010001001101001000111101101010
0110001100101010000111100000111011011101
1110100001010111111110111001101001100010
1110010110111110101101101010000001111001
0111011001110000011100001000110001011010
